7
   0   97  205  139   86   60  220   
  97    0  129  103   71  105  258  
 205  129    0  219  125  175  386  
 139  103  219    0  167  182  180  
  86   71  125  167    0   51  296   
  60  105  175  182   51    0  279  
 220  258  386  180  296  279    0  
